a = 0
fy = 0
fm = 0
fx = 0
c = 0
